% -------------------------------------------------------------------
%  Generated by MATLAB on 2-Nov-2021 17:49:53
%  MATLAB version: 9.4.0.813654 (R2018a)
% -------------------------------------------------------------------
                                  

a = ...
  [-7 5 -9;
   2 -1 2;
   1 -1 2];

ans = [1 -1 2];

b = ...
  [16 3 2 13;
   5 10 11 8;
   9 6 7 12;
   4 15 14 1];

c = ...
  [4 2 -3;
   7 -7 9;
   3 -5 6];

d = ...
  [6 3 2;
   2 12 -7;
   -1 6 2;
   -5 15 11];

x = ...
  [5 0 0 0 0 0 0 5;
   0 5 0 0 0 0 0 5;
   0 0 5 0 0 0 0 5;
   0 0 0 5 0 0 0 5;
   0 0 0 0 5 0 0 5;
   0 0 0 0 0 5 0 5;
   0 0 0 0 0 0 5 5];

